V1	V2	V3	V4	label
0	3.953672690008556	2.9899274729387946	-4.716795153197931	-3.8825283468037863	1
1	-3.728700769832816	-1.4319701260283233	2.1982344835494096	-4.332138530850064	0
2	-3.9293630819025878	-4.366735424477053	-3.762159908344482	4.0560604663519495	0
3	-4.121726765268264	-2.6784242425485054	3.052349691088587	-3.800885018348674	0
4	-3.66637837596581	-3.8214365774309607	-3.3182030896563317	2.020047591370605	0
5	-4.718178996570152	-0.10956649824252906	2.195776825064638	2.2353586895463695	1
6	2.0209419852597814	3.098596537535849	-2.900757055390602	-1.7401860019451068	1
7	-3.2905520344112142	-3.039821868505075	-2.3298649152060555	3.377345004108931	0
8	-2.9113020980365527	-3.207897697734813	-3.2560879798318334	3.6498691735231255	0
9	-2.8968806710098183	-3.36920823692076	3.3067303768254868	2.847622997890009	1
10	-2.5178411069208813	-3.3471896822008156	3.3845374705683193	-2.2871725195677404	0
11	-1.887809219648968	-2.2294823914031463	-3.845763061918629	2.574142710620971	0
12	-3.409964961213551	-3.4689699251987394	3.344655714424019	3.296561857778632	1
13	-1.1535176267388787	-6.082893104638238	3.5836052653991803	1.4004637825291946	1
14	2.2403482262084666	4.767199777726571	-1.6826819431053044	-2.3594412577854698	1
15	2.1561695753835286	3.5223480707756067	-2.218985652535828	-2.6474901873698875	1
16	-1.8058503521331442	-2.6577024914094887	1.8215986531367636	-3.0177396431921495	0
17	3.6868960374386037	2.452030754968407	-4.040409728530194	-3.540305298117272	1
18	3.0912184843499886	3.7695507079414847	-2.7681200511509876	-2.9259465415443398	1
19	-3.1408585208639166	-2.9809248062069185	3.0928333028530175	2.619075843429529	1
20	-2.9432893685266754	-3.2269258820818165	-3.3585668847097825	4.421906036585391	0
21	-2.704275956639518	-2.8847016124506633	-3.267567842580744	3.569346731461253	0
22	2.0594387394855374	1.9912259647121435	-1.0002657900461167	-1.3217255952736828	1
23	2.7959451246980187	2.6791385790873665	-3.3180802816287627	-2.9145737272520127	1
24	-3.075012143348063	-2.3357882432079444	-2.3514280684053483	1.3037023127360796	0
25	3.433260838746047	2.7162788891597534	-5.148981380561286	-3.9763463945177198	1
26	-0.2213685686192166	-2.1534907112515933	1.4483606019262383	-2.944926281464503	0
27	2.877058741520088	2.9729914492509373	-2.0105877648491663	-2.401235686020006	1
28	2.4930924620312975	2.741180593719657	-2.9171445950185806	-2.507763705653356	1
29	3.5224255373278828	3.512769771103694	-3.320735702836102	-4.326998580917449	1
30	-4.114023203067246	-4.042718115704539	-2.1129199575617066	3.7355659319206462	0
31	-1.9927775184072107	-3.3444247658245585	2.9963204200789386	4.374341852915253	1
32	-3.2824735271497767	-3.113044234465485	-2.790341257391525	2.195739000701793	0
33	-2.283900424621186	-2.31959146399037	2.2349702519923236	3.328803210559377	1
34	-0.849602627901445	-2.6441027872107807	1.93665845643082	-2.525081680998164	0
35	-1.8208164342956148	-1.8114841570819815	-3.6340673647429553	2.8837897072545675	0
36	3.1429151845667036	2.0432960274924437	-3.0268342851310814	-2.744630386048213	1
37	2.1120488428830795	3.5917345933048495	-2.971168008695865	-2.636980997564537	1
38	-1.769490736257267	-2.327535961419971	-3.299287152258224	3.845687632895526	0
39	-2.984873583790148	-1.9131855155269242	3.758616689037653	-3.064752139172112	0
40	-0.5423739550445754	-0.5666707674317504	-3.900871051884292	2.146137152751595	0
41	-3.6483591717326163	-2.4458745390621752	2.5095662719499465	-3.6558727423292594	0
42	-3.323125450863232	-2.697728238625226	3.2466196275416066	-3.028310893066034	0
43	-2.182949126921112	-2.3670495125434132	-3.279553834119445	2.8898634861900883	0
44	-1.3693281214778845	-1.3629788866757044	0.23041132809747955	-4.521496510389529	0
45	2.2258511917259045	4.673575076182422	-3.9283250380842887	-3.7371806925908415	1
46	-3.940313920371964	-2.234305329253699	2.458304641015904	-4.161392493601009	0
47	-3.8697180803119258	-2.004587191850942	1.3625701362680487	-4.796697494320789	0
48	-2.527102495436118	-2.1534612063542906	5.467290330309831	-1.9549518330853133	0
49	-0.7651731684741501	-0.5190789182912479	-3.817159650591943	-1.1919538306156232	0
50	-0.590548791439081	-3.34426931460574	1.2050643624604835	-2.6420911305172714	0
51	-2.668405449634089	-3.3800989908356764	3.6528674381394692	-2.388869903837243	0
52	-1.9661905888217353	-2.459674897929843	3.537588678714394	-2.6978327602195282	0
53	2.573480247730803	3.658921254847831	-3.69448886985275	-4.07072007635072	1
54	-1.4910435446524222	-3.3429595053315513	2.3452194069437313	-2.3993985438778376	0
55	-4.686380829951318	-4.226006254291839	-2.2688214711177577	3.638129565291018	0
56	-4.354457575178302	-2.6597479028046505	2.2440549182150775	1.6872539373512219	1
57	-3.7307160393713654	-3.7705400094374637	3.4482577691953242	1.2679280937201423	1
58	-3.0044030323063566	-2.801453935690273	3.6226007931909936	2.7364754384979957	1
59	-3.9558901762504464	-2.521858203907354	1.8987313975119977	-4.1950803932314225	0
60	-3.1468730893012227	-5.0630077276381416	3.4570665271313636	-1.7911723710714769	0
61	-2.977900193572756	-3.2105408356073757	-3.2889780172406233	2.4729981735103816	0
62	-5.654920661051437	-5.087247525042921	-1.5610137000935218	4.476847536835444	0
63	1.0349454946407608	-0.623176884869121	1.6588748006910088	-3.262587528043516	0
64	-5.1978628548041605	-4.297462645377293	-1.6591407710253048	2.936287965477404	0
65	-2.089309394654644	-2.3231658648662066	-3.565358542967079	1.5823292199727823	0
66	-3.043740508708635	-3.547556042614179	-3.8632439304201833	2.190667972121207	0
67	-1.8103441142160825	-0.9645182724571306	2.652481039849864	-3.259730878846818	0
68	-4.652815925198895	-1.6168671633975076	3.091882714073776	0.03270775857359354	1
69	-2.4983153139656005	-2.54122272478489	-3.2054881282175005	1.922429869437358	0
70	-3.1765914826423916	-3.356761680325831	3.3469479707043286	-2.825210914574863	0
71	-2.245310285013657	-4.131111398372669	3.6907332650464415	2.8596633663154876	1
72	-0.4988712770576331	-6.02048416668724	5.022286582643974	3.7027298943084577	1
73	-2.3473134076226976	-3.201337431511652	3.21852552325989	4.079485247052284	1
74	-2.7980856975774833	-2.6078175470215674	3.0174717395987796	3.0323927779398936	1
75	-4.749740757248635	-6.068052549263913	-3.957618021467237	5.266558364662345	0
76	2.630440292769134	3.5481945714368655	-1.5860886879388678	-2.6007003277669827	1
77	1.5204394662257843	3.8904623124144573	-3.2759909124026576	-2.462812852860603	1
78	-4.079310194347631	-2.7507522596857203	3.024702381768485	3.400606991305853	1
79	-2.2258978156214857	-2.351734625275053	3.3816119427596223	-2.7247502678264457	0
80	-1.6246278486286823	-3.119513666277782	3.7364284188393215	2.5686758908457685	1
81	-2.801105066846735	-2.324434700677768	-2.8117135777432196	1.383229261728312	0
82	-3.0181346503939035	-2.8835659348854463	-2.6749762202079546	3.5414535055333207	0
83	3.467064086735541	3.261252052135484	-2.250370276242138	-2.488360313711594	1
84	3.7707558676129826	1.912720825596153	-3.644790097137686	-4.016331959750023	1
85	4.324735738590409	2.253168617927754	-1.3373872763158507	-2.65999013673382	1
86	3.500495391773119	6.129384240192849	-3.5454082282874273	-3.4172143036009284	1
87	3.7170389332468976	2.865115059275642	-2.837220054673454	-4.451794092271172	1
88	-3.8826080938829666	-3.793582287074301	3.0174071915616096	1.8736155806419648	1
89	-2.0170956367118595	-1.7351694005556686	-2.9775905965942493	2.147087746248048	0
90	-1.1311175941854374	-2.625979525934835	2.6339472950625042	-2.5094661824238687	0
91	-3.1033870420191665	-1.8929796636084257	3.8387612185513937	-3.2804376191323903	0
92	2.916306117808227	2.3027228463904077	-3.553941570738124	-3.04785202301716	1
93	-0.8660085259466079	-2.156608457284209	3.0004244421049178	-2.3487369468104085	0
94	-5.807105955424793	-5.30794391563325	-1.3825352348390427	3.057579378057234	0
95	-4.805686972414743	-0.8555990275685832	2.034267655729594	2.5340372338395727	1
96	3.7562872969653123	2.289042451396944	-0.3276690516491998	-3.065220230264179	1
97	-3.5952672751498165	-3.832272905189778	3.360258047645179	-2.3368102430860453	0
98	2.4627781309671835	3.786774342486632	-5.568712632620967	-3.2150806260226905	1
99	-4.096181806558455	-2.456854472592708	3.1452381054595997	3.415019312661792	1
100	3.0893549636947424	2.550834619151607	-4.054773641004644	-4.5673461370371315	1
101	0.835727193897676	-4.99794510827993	4.679896756847893	4.193986945286092	1
102	-3.791165431430728	-3.9274273569596834	-3.403937074442702	2.4766196937151292	0
103	-2.1350206330616954	-1.5930888595156623	-2.551665412479344	3.5409506833699167	0
104	-4.010937629008682	-2.0792647633565826	3.046177820186471	-4.244559093618833	0
105	-3.4322340408927214	-4.5120412643402945	3.5420892347046893	-2.164241421311078	0
106	-3.745123585485251	-3.144489414281378	0.9718240631332913	-3.989319337511211	0
107	-4.747217312137185	-5.165614775040574	-3.144517803188116	5.363330706276401	0
108	-3.23942243375256	-3.5155792827575802	-3.245276925076814	3.835658511225782	0
109	-1.8356383562562544	-2.9052442543185135	-4.85872603735486	4.368941536609605	0
110	-2.4300020252771466	-3.4447676116841177	2.3765053801089215	-2.9312148566086407	0
111	2.857883695596322	2.536199255737473	-0.9867749772966126	-3.4378677276050853	1
112	3.2118222635923606	1.553650462228307	-1.5109256044916175	-3.063937985279217	1
113	-1.964908768853119	-2.631944867664906	3.252214081224053	-2.2584909640161337	0
114	-1.5901866714874227	-1.9107587956490657	2.2871591086473657	-3.181439020671081	0
115	2.836515605817608	2.787269151515302	-3.4519526405326206	-2.7659523161325126	1
116	-2.2384757549034093	-4.090844457314279	2.9186480973976203	2.927735228056355	1
117	2.997679624384548	2.9878706351175377	-2.411227577337269	-2.0692030866386	1
118	-2.476301064547056	-2.386294397547605	2.404999293170075	-3.505015955060907	0
119	-3.910521183022763	-3.5235451495791787	-2.4427866107364196	3.0967039954914544	0
120	-2.9616284193015048	-3.6730932974388137	3.402813107661314	1.8855086792791118	1
121	2.339531543480157	5.022118530727717	-3.616854594177154	-2.635190902838218	1
122	2.675324982326555	2.533464820920608	-1.2158761213046956	-2.3694761630344496	1
123	-4.162146414626074	-2.783178987906885	3.3496939888523873	-3.582371824702962	0
124	-3.086039513627455	-3.1947356915218252	2.308017610584575	-3.0234746815904785	0
125	-5.180783864839475	-2.0286652240366276	2.6138740333208332	3.464260401132634	1
126	-1.6798233363239303	-4.166739940920043	4.1756763188739425	-1.2394985539582728	0
127	-2.8954556590434906	-2.9771767977659933	2.6121497618234484	4.016477757743492	1
128	-2.528905802213559	-4.877859265414466	4.45668752783351	-1.2454849905771663	0
129	-2.5097804870494826	-2.586748260599194	-3.198243031981712	2.4963548511144693	0
130	-5.03747757937807	-3.430647168490743	3.501380944836752	0.7961664600039011	1
131	-4.208150212305513	-2.989492175246306	2.938002212231938	0.8113066707396652	1
132	-2.1310332726456935	-2.733596534934911	3.804751418437657	-2.2963050395106306	0
133	3.3248966046008235	2.75783402567337	-2.943157305791877	-3.0862804580748597	1
134	2.9966211313980406	3.0045142605977864	-6.9527915320785105	-3.0277750492301174	1
135	-2.6896929900648594	-3.299071873254472	-3.059752640889557	3.6178720575748162	0
136	-0.7139416771312752	-4.319037919588283	4.036090498519545	0.6220657441872195	1
137	-3.20642121722313	-2.3757307971723867	-1.7364918645064344	1.622142572415767	0
138	-4.953593257492559	-5.077711867808285	-3.306470496352127	2.859817300103644	0
139	2.613896311048224	1.623930212412544	-3.0716191326055142	-2.4359999521236064	1
140	-2.126051903339408	-2.5114185186208147	2.4473033975669676	4.643053037242613	1
141	1.692721151458962	4.82312130513643	-4.995657214232109	-2.072238931973055	1
142	-5.74764700444595	0.39637237914445933	0.8701099391397573	4.878549753003922	1
143	-3.941318957713376	-3.85208165484565	2.353892098115228	2.66192099534632	1
144	-0.21097315990810417	-3.0913726952486345	2.1865380792609805	-2.2645251599606158	0
145	-4.308240945354576	-2.594867098530377	1.9089053491249888	-4.237236927696655	0
146	-2.0844806680113575	-2.7168225687927308	-4.071640278571359	3.0054664879393376	0
147	-4.638430980432135	-4.159691805269997	-1.9904276394096614	2.8868450513501083	0
148	-3.37955066473793	-2.921130388935069	3.134893290588163	-3.2611025885563145	0
149	-3.805180180427519	-4.752001425947275	2.515532997926279	2.4091011662787927	1
150	0.04269232401728473	-0.6982259866475524	-4.135551732307153	2.9440590207744513	0
151	-4.16956259342398	-2.0312915992939504	3.5800804088141156	-3.364439430761677	0
152	-3.3690737330233524	-3.5201571880686466	3.9729928911278227	-2.463939540117786	0
153	-3.3282085895573847	-3.4581662713635515	-3.296942788026234	2.581988138104676	0
154	-3.5735198822987986	-3.5306587075337768	3.2619489502031387	2.2664429550769145	1
155	-4.023766445221778	-2.4205216195110157	3.799984647748726	-3.143166526683319	0
156	-4.076641519793169	-3.5324494486384523	-2.543628582492669	2.0148393931733732	0
157	-0.8100217617047099	-4.884317729612727	4.274496582665472	2.416284244112786	1
158	-3.010964326148033	-3.306503513425982	-3.124306505639645	3.4667056297318832	0
159	-1.4948468582252055	-2.4118831466043997	2.452167824726403	-2.8050321418247215	0
160	-3.0414381644729738	-3.650768535448731	2.376635806391882	-3.012560344856485	0
161	-3.334428937406098	-3.5641035147880857	-3.0432276027614895	2.4521408938709905	0
162	-3.8026290738713944	-4.240719541378356	-3.2898266852656084	5.383214882934337	0
163	-3.7546547536413897	-2.3967365116720494	3.7233010328877456	-3.239458847739059	0
164	-3.9243418239657575	-2.2548935174425777	2.479696968592362	5.976289551876919	1
165	-2.112930830266192	-3.8105974338480544	3.3991860099523237	3.1336713713354016	1
166	-3.474632006868312	-3.2358506748243467	-2.8673689017731236	3.080684158478694	0
167	-1.0458852126376403	-0.553400101436992	-2.8850671291125796	1.8041445598309251	0
168	2.2619005713889297	5.647185211403947	-5.81714253997709	-3.604094851352224	1
169	-1.1202206314659349	-2.8043437625374588	3.168691100677367	3.0631015464278932	1
170	-1.4267617592810953	-1.9978283140296629	-4.386174349591958	1.8445643972216448	0
171	2.35616820713739	-4.630443278963013	4.957096185057262	4.805296112765509	1
172	-1.681934721818647	-3.7607809144184055	3.776760457784426	3.2207459389386726	1
173	3.0962446523510416	2.329670020847357	-2.472260840875018	-2.3485722453019244	1
174	-2.9454116707059015	-4.716243087624296	3.3716968983045845	1.8218224343135465	1
175	3.804230560747474	1.1384446045183712	-1.7863039480625655	-3.9455265668495145	1
176	-3.109948498805097	-3.6935818342204905	2.8560154525924366	-2.6364979064121483	0
177	-5.079222751544816	-5.128852120326599	-3.333937771387796	3.701411548116165	0
178	-1.762463076130066	-2.0646418413351606	-4.128589312751272	0.8162561383087921	0
179	-2.7461982943135017	-4.614891017680085	3.6435085400790443	1.821327412049012	1
180	-3.4417818854159123	-3.446123863015011	-3.001921498222388	4.964928254504839	0
181	-1.8774510079298103	-1.991256922928547	-3.4937683978492178	2.3131131157458737	0
182	-1.0970489750687746	-2.1984380665124323	-4.810209944936742	2.6192592947467106	0
183	-4.533135578816815	-1.5740286035509665	2.7357747032603483	3.033842384630737	1
184	2.630796809624078	3.146656859756889	-4.06054147335961	-2.25789730348332	1
185	-3.5598878065291037	-4.161026175716468	2.3541983374642115	-3.0163826723831195	0
186	4.138144037688368	2.286128776529962	-3.667618785763548	-3.8728370300371484	1
187	-3.2698342011697843	-2.263907096482982	3.5391283927312043	-2.9998266971996497	0
188	2.800341845788393	2.2701154410338864	-2.5169857455486864	-2.9110627312106656	1
189	-4.380657559980735	-4.488402195730295	-3.0226580055348373	3.4246714289804463	0
190	-5.591930743622047	-2.0229981857271104	2.1960467749611183	4.924844426116819	1
191	-2.9863382375937255	-2.858756694116859	-2.9221632595276024	3.882341752578041	0
192	-1.7529633832984148	-1.5573380571020567	-2.679884773299786	3.138467144664995	0
193	-2.742332882011281	-3.1275875248605542	-2.893571345349544	4.007332317643461	0
194	2.2784552618897593	4.540057420470385	-5.124779125299086	-2.981455820077379	1
195	-2.145599926926013	-3.359498031959072	-4.751471796117896	3.419625927283335	0
196	-1.9401507002572618	-1.6411381181095137	-3.0127847087889914	2.566586306721529	0
197	-3.1895084778579856	-2.13361304259548	0.7320473752843131	-4.557717743020351	0
198	3.4144559817970546	3.915629616725217	-2.3974607304036333	-3.4566046024520816	1
199	-3.1567237220499904	-2.1122049552857716	2.7497785740275784	2.431172949130244	1
200	-0.8047419709094372	-5.083728328678289	3.7432305707607503	3.867843934315854	1
201	-4.2879947431363945	-3.0962055702719713	2.402327892137447	-3.9596071157294	0
202	-1.1850235090733938	-1.6185268257448002	-4.256382584744724	1.8060505390960975	0
203	-1.4830055268218758	-2.488838421474698	3.4005605483800516	1.066078477095927	1
204	-0.3773026783406994	-3.18620065676684	1.784140795917399	-2.247925416282131	0
205	-3.077721280114172	-3.6571299902885706	-3.3248691699751505	3.444632324370299	0
206	-1.8747635177737991	-2.7447064804080785	3.8882636769074903	-2.2769093752900202	0
207	-3.3366114660404893	-3.939802770479891	-3.670299494607036	3.267074853052674	0
208	1.9059703155388574	3.2777511763308573	-3.841161592816558	-2.0710997199559147	1
209	-1.3128447801379877	-4.884530709005224	2.6470778633169587	-1.6809463572177241	0
210	-5.962418444561959	-4.643653014166476	-1.2981356132863924	2.6314747860543104	0
211	-1.8885075135334852	-1.9100513058124418	-3.061697456363762	2.131651305593593	0
212	-0.6893530841286455	-5.473645015213853	4.170683927130314	5.400560214605431	1
213	2.3170192820852904	3.134441222742999	-2.818552916825504	-2.734613416353801	1
214	-2.535157361690752	-1.8279560016395155	2.670869385397302	5.63182142736863	1
215	-5.9642642861278246	-5.333899850957939	-1.5015019178005866	3.525495597474508	0
216	2.7225046399941997	2.5424113966707003	-2.248661669957105	-3.649407429921712	1
217	-5.719880744669339	-2.4187072857152234	3.6095739260054365	-4.272865936345236	0
218	-3.9317484015424324	-3.357350861142624	-1.6302349235739764	3.4423477622347205	0
219	-3.6312250715429384	-4.1201161196918425	-3.4755675584519894	2.525739892458432	0
220	1.8737656517077002	3.3488476471053064	-1.9810628935732841	-2.321130135367587	1
221	2.7456807044895353	0.8276190079438419	-2.3955117225044344	-3.6855388239241496	1
222	-3.2046507498198102	-3.5026561879802194	3.212975004681277	3.2925015460107407	1
223	-4.493360571018561	-4.34577211978886	3.6183341725856573	-2.9919686482192835	0
224	-4.8999814973593425	-4.8489392106733185	-3.287695840870596	3.5606184475438365	0
225	2.353826803935756	5.437382427154333	-4.076940143087919	-1.7399127349133596	1
226	-3.0209412162684193	-2.4631753130882252	2.4468715234474785	-3.358769331765573	0
227	-1.632134137746061	-0.9125382646473454	1.6966715496770817	-4.145614166922149	0
228	-2.5075271645056807	-3.219136751161913	-4.120317346697985	3.78520789698276	0
229	-2.8958970041203917	-2.3210081744913933	-2.0108689310456187	3.381238360979482	0
230	-3.934360514641117	-5.073902365582444	3.9857439789710236	-1.8642958566405912	0
231	-0.5791275470051525	-3.5199998677901565	3.8209810802430955	4.431693735951855	1
232	-1.8780270047578214	-2.137936369286479	-3.6603480262493218	1.4992010743750115	0
233	-4.263427182590433	-4.338712773993917	2.9111188054416837	-2.8424066652804836	0
234	-1.8845129048701985	-0.6556304800714408	2.4013133422924504	-3.8925640030044657	0
235	-0.689390642591297	-3.3178903470703025	4.367037726276622	3.6174240812608054	1
236	2.7369846964211315	2.228620762785546	-2.8393125874530667	-2.8050105739941995	1
237	3.517209276444848	2.224472631458582	-1.213903918908814	-3.807984778174348	1
238	-1.4049263992014653	-2.1754713093266225	2.2279263320403526	-3.217097018371138	0
239	2.4528989663910785	3.927521874076933	-1.718900880017342	-2.8696125212930235	1
240	-3.4179867609829575	-4.17703887294928	-3.558663685232534	4.949660651276251	0
241	-0.7223709227434036	-3.7181046486018046	2.6679440173982902	-1.8061102167327903	0
242	-3.352039443220413	-3.251025459102693	-2.5549255956495682	3.699576186588062	0
243	2.9757463791648537	3.8335489208592217	-3.6865935619524137	-2.811941546289035	1
244	2.6279558974407875	3.4407888024770017	-1.1642515105051698	-2.145204126860313	1
245	-1.0814195418825538	-1.8829920455403641	-4.197339522286023	3.4283788868132956	0
246	-1.2126592731120007	-3.845613973067816	3.8887300016481414	1.7513477479419206	1
247	4.504012277877969	2.1919267625847993	-5.109194230810406	-3.894313673135656	1
248	-5.224193145108212	-2.213590874089952	1.8062327105475613	3.339419560495376	1
249	-3.0288067172682496	-3.2754802087547077	3.113503955347973	3.570489830325568	1
250	3.178784222456679	3.4214361899737633	-4.432657564014881	-2.5639142662310475	1
251	1.8290207348368808	2.639388243569022	-3.4929550727984773	-2.5150351258883004	1
252	3.5341231624105838	0.8715519117258133	-1.6805981804933452	-3.153468034510748	1
253	-3.9947060746055962	-1.3849141489144077	2.1198125550913973	4.2318552177144	1
254	-3.5684889975167096	-3.807996229245221	2.993915605839554	-2.952840148703562	0
255	-1.9037119054983866	-4.953839895837829	2.6559927026490913	-1.6918831236070335	0
256	-3.728126418004594	-3.7849561882753457	-3.422312647774848	2.720068633574653	0
257	3.2308300759650512	2.852713640820482	-2.275444477585087	-3.060768116169366	1
258	-3.0493414504055396	-4.407719401204857	2.8749580556453003	2.654471205458606	1
259	-1.3049326750510828	-3.479776369719021	4.099984726102222	-1.5073218831738802	0
260	3.273442464626454	2.135687350916771	-2.8754759095841984	-3.4831567934333454	1
261	-3.3315995780887886	-2.9634138724742094	-3.074505952115358	1.7634140942905967	0
262	-2.2325568528884454	-2.0819958454029432	2.5206170716767735	-3.4389769987592134	0
263	-2.625243840421216	-2.4344842062115237	3.4008140835967007	3.99188579115704	1
264	-2.776090857481577	-2.3040421330509973	-2.6330840608417136	2.6272493354504762	0
265	-3.5250795990467183	-3.9587413464095578	2.600724410571021	2.380619181215513	1
266	-1.5552386791263444	-2.270483616731036	-4.443862758178933	2.2968456914699353	0
267	-3.180601962045495	-2.6914048424557837	2.7260393423816693	-3.260161730238384	0
268	2.681371843136132	3.479058986057999	-3.3346950672141857	-2.6737426892064358	1
269	-6.287463546558832	-3.6340512149452424	2.8665646378406264	-4.1279563214772335	0
270	3.298522810278577	3.891463575331297	-4.348622936502412	-2.685037393563915	1
271	-0.5774581480370062	-1.3325407230708795	-4.311668197194223	2.1595642609902304	0
272	-3.7431190556833736	-1.6331259128304974	2.3120665690598203	2.877041610787036	1
273	0.11844400148038225	-5.255640345483967	3.787482462116829	4.57035326561582	1
274	-2.8592871273202562	-2.8614468393985946	-2.871168634770553	3.069295009521534	0
275	-2.911780469148095	-2.810507566818358	2.2260761686324306	-3.2764742875039996	0
276	-2.2741139615015964	-1.6943255048077344	3.388457456405289	-2.957663512194097	0
277	3.0352716487898093	2.4636151382825293	-1.5524132217340196	-2.869944350280159	1
278	-0.8166477934558043	-1.6714998583215326	2.413551969696649	-2.7415601978862942	0
279	4.044777838121446	2.078965089768657	-3.082869964163755	-2.8921725183574223	1
280	-3.589789175577922	-3.1554572079824452	2.1560767731057946	3.467600735021369	1
281	-1.5624330217794498	-5.949343129498509	4.405669536496346	1.7951764347635237	1
282	-5.000057555584103	-4.2681236363884025	-1.6009559890363105	4.24659764129209	0
283	-3.465307056901464	-3.2283340065799147	3.3262835489223956	2.761141533014825	1
284	-4.308263918750914	-4.115932646752345	3.109888224006392	-3.248790759430469	0
285	3.5413213729395814	1.6059407647077102	-1.825802061045829	-2.944588839653689	1
286	-2.584056324477438	-3.3099789793447507	2.7800561685364147	3.914048609126593	1
287	-2.7940856883953056	-3.192065938516481	-3.83225338629003	2.74891656774851	0
288	-1.6302697055564086	-3.187675449076409	1.9116447089743343	-2.977875978808427	0
289	-3.5319834308407536	-3.2512780024028576	3.534476328766205	1.0666811640208984	1
290	-1.5859948214154593	-4.742574734978048	3.313797232480768	2.6941953214733085	1
291	-4.759622455335992	-3.2328409400971423	2.558384814333391	-3.9216971173497424	0
292	-4.452371462811164	-3.971868810207744	-1.871713960948905	4.110178082845406	0
293	-4.755963334030178	-2.7763419183390106	2.9688475679972397	-3.9996766173074927	0
294	-1.7584899943834271	-1.6963424040271489	-2.992744024576778	3.1726671503558337	0
295	-3.0436549899205914	-3.9558640847030224	5.319145912567256	-1.1980294366624002	0
296	-2.4959387115851017	-3.0820647753886643	3.8712591290597618	-2.4108907596502647	0
297	-2.8295452366688663	-2.702706370323099	2.3026240420951	3.6129834145894657	1
298	1.1007434354631185	-5.012808673965249	4.36393831781886	2.0888204043883425	1
299	3.5658663170564644	0.9957597907034983	-1.3824016490901094	-2.865372332614903	1
300	-1.8712796554360058	-2.6587355913310793	3.4251799555464366	4.060150739905902	1
301	-4.174968838174106	-3.0427479611545136	3.2835686704680556	2.353024860050886	1
302	3.3822955784146056	2.2185771775316585	-3.434220149016193	-2.9528868805437893	1
303	-2.5688117656343348	-2.5710255302184937	-2.7856194312516456	3.4200180431981138	0
304	-3.3316055644754066	-3.224583652277439	2.8174499739766636	-3.2685691022872447	0
305	3.291381121653978	2.429845494368343	-4.80295881454843	-2.995176098698421	1
306	-2.928981342620335	-2.5075909361211424	3.158290968693852	-2.9678128776228205	0
307	2.2675147728458	3.1838727791969323	-2.978140845728409	-3.7303343867895506	1
308	-1.7562657842578682	-2.4321212758845343	-3.9698743675238757	2.173911718884031	0
309	-1.4025236108522476	-5.477837594435622	4.382813444824432	3.7170546469447645	1
310	-2.3368714499729633	-2.8762096927861345	2.726412437976138	3.270742572575737	1
311	-3.590769150191784	-3.1122631980146367	-1.931293172259788	2.23798417562885	0
312	-3.442421837401813	-2.6968049137793053	3.1553511789869395	3.8636132861927477	1
313	-0.16893383311749677	-4.92260081052547	3.911248819595966	4.6141108800828965	1
314	-6.397458036526644	-1.6535648452766565	2.7583919159889896	-5.512415165607343	0
315	-4.097144990964665	-2.9431390594612514	1.7860930727553523	-4.066603883082157	0
316	3.7284408472924833	2.7956344326530624	-3.702508472115487	-2.649802130796112	1
317	-2.0246066227948445	-3.7939468366043627	2.424820737185633	-2.5710055452529392	0
318	4.029181600435566	3.1071756663704555	-2.536467731666165	-3.1680575926662375	1
319	-3.7845147379796913	-3.205355191957952	2.702806971331587	-3.525787374956586	0
320	-4.216424954904529	-3.122206661801	2.607947748375082	4.725777536076496	1
321	3.740113214248941	4.436270015030212	-4.738726695752816	-3.9524366463766967	1
322	-4.460505212196657	-3.5002892121241005	-1.7138576672905548	1.983856170005398	0
323	-2.1881918604904587	-3.436391443867043	3.427375772958664	2.0448254588149246	1
324	-3.022788480592888	-2.3012435427059352	-1.774317509031655	2.6276648184715192	0
325	3.1911251338824345	3.2538866352474765	-5.700930944686355	-3.588038986841269	1
326	-2.540161379098007	-2.9770697719770087	3.7869510675671116	3.982623498421269	1
327	-4.132239623899927	-2.5886654618589984	2.8288221773331648	-3.89741343711188	0
328	-2.2197433090870184	-3.387101263028636	3.750431426704367	-2.087123566519838	0
329	2.9410730582386364	3.452983628564677	-1.1909924703513122	-2.0332116057728715	1
330	-2.4647688916746247	-2.394980845770125	2.600543456384994	-3.4526971779160878	0
331	-2.458947801641686	-1.813225926846352	3.156988443320171	3.3291001464807977	1
332	-2.984691778972605	-1.5573646222908617	3.300636529413165	-3.328721996697062	0
333	2.453988918732305	2.879353936553476	-3.8400462270571065	-2.2208563079902603	1
334	0.2540071950199767	-0.10223660964774517	-4.339602306413227	0.42655029417932155	0
335	-2.6095019700687603	-3.198941164064168	3.5820742037756803	2.4296827507873417	1
336	-0.5855762283018549	-5.273759142271617	3.56070163904752	2.969533294585154	1
337	-2.4446328183082633	-3.6139267079039215	2.4220658699858895	2.5808154929951277	1
338	-3.2594323063153325	-3.018477432691552	-3.03498382607584	2.382937289628396	0
339	-2.7597471540900345	-2.6769484553598732	-2.8448060303900617	3.4554016797515223	0
340	4.739421998270421	0.7335518214716257	-1.7652726502852099	-3.6817218052910388	1
341	-3.930042891322616	-3.4081273910052534	3.0146883573347703	2.629641009394235	1
342	2.2247445798961887	3.0706553329473265	-0.8186174416353778	-1.7587228623114435	1
343	3.8061489995794986	3.2148766797677655	-4.92301531566587	-3.497813195505831	1
344	-3.629651628005629	-2.615930804311167	3.746274525358926	1.5298703745983195	1
345	2.188492747878405	4.096305225589113	-4.780355614522407	-3.068151277343782	1
346	-2.8564139686622414	-4.672420115811979	3.8826444538278224	-1.6363996694784246	0
347	3.1170074656994116	2.2561876880681915	-2.4795491856963503	-3.186000132562839	1
348	-3.5473004843568194	-3.6765506590760766	-2.9070591271060504	4.380866208379446	0
349	2.5851390714854077	3.8844518879950725	-1.4215781906197427	-2.857721466595526	1
350	-3.8337447327618883	-0.6760537159695397	2.0816663111891165	3.849256793466088	1
351	-3.713674277108235	-1.6679475415669547	0.9790717409577643	-4.913014437285412	0
352	-0.22078843615788823	-4.587367412098354	3.953210183409108	5.119389044352044	1
353	-2.250545943570496	-2.410446129366424	-3.677172570376722	2.338287944913085	0
354	-2.207153275479536	-4.063832843962281	3.636964041599623	3.2844244413020673	1
355	-5.2538699357239125	-3.0267325848374123	2.7321690952515527	3.8840187032706712	1
356	0.20906698435145588	-4.385958460481368	4.092263191085486	1.2893225941756081	1
357	3.9006289336065003	-0.4012155830969526	-1.4294993064292518	-3.9064630888617584	1
358	-3.7310976493280723	-2.241873888413493	3.165813396278734	-3.7136444478141373	0
359	-4.107789319859877	-3.700288581669752	-2.0204986691259985	4.206861765631219	0
360	-1.139093427628438	-2.5533457914179407	1.263580399425953	-3.27734210869428	0
361	-2.8478293768429257	-2.7527563376115527	-2.463183903612055	2.7861284913658055	0
362	2.1815962366354644	3.0846364919265765	-3.734466941630611	-3.0946498575935246	1
363	-1.9588723504943566	-2.5242152185101743	-3.74480126949564	4.046381336054839	0
364	-4.078996771400482	-2.1196558149534717	4.591805445243207	-2.808932926768239	0
365	-2.5397296766962567	-2.4478854437633313	4.075270650100077	-2.4299498403634074	0
366	-4.399585095429234	-4.640419226824492	-3.361898833122295	3.1308276396291514	0
367	2.6784969928608913	5.606013268107553	-6.592874427321961	-3.237620641134969	1
368	-1.6022754525783462	-2.2012462751437174	-3.592964601913615	4.585133999608235	0
369	-3.1298437056580846	-4.496560004166176	4.320640808899759	-1.767425208385598	0
370	3.2741803248786745	0.502242688746076	-3.2345424317800537	-3.283904442560751	1
371	-4.824385533689982	-0.779888421776219	2.482277762312485	4.640295975218669	1
372	-3.0572741303726416	-3.2866826070507664	1.9306963235555727	-3.3730469760563055	0
373	3.0429031155127015	4.280265538865264	-3.371231881878006	-3.3373922918970296	1
374	-3.2716478206343274	-2.822371037790746	3.1698402901218943	-3.179652343042955	1
375	-1.6642459379731145	-3.5403915345234673	3.5081840111491145	3.220623769485176	1
376	-2.850540491060655	-3.4529248847414835	-3.5152652586502566	2.5840826658730434	0
377	3.9935874891161296	2.918210867138522	-1.8638419083859066	-4.165225473531645	1
378	2.809591465940622	4.429675802126264	-1.6421997875151115	-2.230922053623058	1
379	-3.70703597028062	-4.043258624353629	2.5931825130206927	-2.9157575265456708	0
380	2.264728642889128	3.6094528760121114	-3.77747309087675	-2.706179039436995	1
381	-0.7299710317214654	-2.277905192365357	3.0675131545375707	3.94683680827937	1
382	-3.4062376510280887	-2.656137056567712	1.2324907828091285	-3.9177534329964083	0
383	-2.611432151757274	-2.6553798408916354	-3.00457476893876	2.96332670279161	1
384	-3.8540666032376487	-1.0138648843420446	3.7351934759432557	-4.040610697697461	0
385	-1.5434008847436849	-2.160774628427	2.5450819749633444	4.492816182974634	1
386	3.481649257156543	1.4968743760563608	-0.15589539649325967	-2.870171958886434	1
387	1.7138931285954913	2.80087923125214	-3.2512107390457383	-2.0519735371434513	1
388	-4.363033049190089	-4.204826961512082	-2.7015690978430094	3.454443825373	0
389	3.6510102426721094	3.1314809745395698	-4.498660400837997	-2.735715064075154	1
390	-4.0756504568066125	-3.100386606933445	2.833327172744221	2.3033993184653108	1
391	-2.45294167712116	-2.383724810493662	4.003907700991311	-2.220248069033695	0
392	-3.418197174642069	-3.1358345883281347	4.120106484933789	-2.4340640589838705	0
393	2.329403407084282	3.1193637486925656	-1.8847620083881875	-2.5059683948500555	1
394	2.489698718383181	3.278407233162574	-2.539801816458477	-2.2825695345258636	1
395	-3.6785295608489843	-4.053231431865233	-3.22333723385388	3.902094871307069	0
396	-6.6881066120604356	-5.562405915307475	-1.1507926610244974	3.8132216600478483	0
397	2.121530359199676	4.232990573993531	-4.14922305940456	-2.12778882961706	1
398	4.0644765284878375	2.8445466785544866	-2.9489785271459485	-2.877203958619053	1
399	-2.240533518431641	-2.58642256618144	3.7926348878391973	3.764305288412416	1
400	-1.6617262280722058	-1.993389458494961	-4.105118781625841	2.441662100880084	0
401	2.3517476495206613	4.014226107017311	-4.155610892268976	-3.743681692548365	1
402	-0.9312173832707185	-1.7924631702068219	-4.401741765873033	4.161337089944723	0
403	-3.024324618350779	-2.2170399504220755	3.5608269726455135	2.917607290651474	1
404	-6.024305209500351	-5.669283147325763	-2.568152602979354	5.245870422058081	0
405	-3.746769509372741	-3.5285356626950426	-3.3815480882189637	1.9634160252181387	0
406	3.0626605457851137	4.403977649637593	-4.674142532584784	-4.3283590338864215	1
407	3.1690531068286423	1.7331119928145504	-0.476941872015356	-3.0893338570957374	1
408	3.2853836999444765	3.4553069566138612	-3.067544387200414	-3.605540382126429	1
409	-4.234553846656089	-3.2992428283296173	1.4443459956953622	3.2538026484229627	1
410	2.253768858613005	2.2424443465237807	-1.8186091601639869	-2.2293799920870727	1
411	-2.00771468842171	-2.6570933677308126	3.5667158490694675	-2.7566323684062892	0
412	-1.353713248278368	-3.356893536838616	1.1245859994188345	-2.809603809010346	0
413	-4.2735904367335875	-1.83636282778666	1.6106842428847183	1.8852080397648865	1
414	-3.86917171035755	-4.446315238820195	3.0746371795445366	-2.6549558813855336	0
415	-2.6412191950776993	-4.209202843666793	3.3510618928684686	3.0641081123262075	1
416	-1.159774153725052	-2.5049520173317537	0.6532780851025621	-3.332307326522668	0
417	-3.672421142990559	-2.4712446540203272	2.603888455188269	3.0099173637741967	1
418	3.357942894181698	3.9531876790185376	-3.4947156581426113	-3.481738389256167	1
419	2.5951337084222206	4.598417581802565	-4.794197073236614	-2.400303246742857	1
420	-2.152786506616036	-4.24532966336011	3.588751053494609	3.6217504006955274	1
421	-5.001554708212182	-4.627266992484318	-2.2011122710554583	2.660067338502458	0
422	-2.72171219382646	-2.4167907378181868	1.9686149166850986	3.4995558713768897	1
423	-4.309026846052862	-3.6459511559013555	-2.4275073163230845	1.4044652699104767	0
424	-3.1505475507193146	-1.466068841338541	2.917892201597005	2.7773177891740866	1
425	-3.5146863142812457	-2.9928917757504676	2.805080981868462	-3.024700888461997	0
426	-4.849630621587668	-2.45906388918765	2.290343659719433	2.649523501567147	1
427	2.3006420364360123	4.469817547531043	-3.5864217146717126	-2.583335937980207	1
428	-1.0851644622154804	-3.062315494076202	3.3483813171909693	3.753091320939766	1
429	-2.495566555974545	-3.691728878502574	3.8107643939571116	1.4120888023317715	1
430	3.8941268066519634	4.068908843116718	-3.5114804198656393	-3.3345640102303236	1
431	-3.3658352076332	-3.9208538420776295	3.2045311697406444	-2.7766538402021292	0
432	-2.295029289718479	-2.4490630883417572	-2.8928565094280883	3.593061273348499	0
433	2.8313310220012657	1.715606336207566	-4.283805796668504	-2.5640940913436827	1
434	1.7385812871482609	2.675499473793011	-2.7918467007383905	-2.1768845529191294	1
435	-5.273652978001772	-2.242616111604047	3.706857547721426	-3.9768242114010515	0
436	-4.406682825604509	-3.1272581820639855	2.2277319777928213	1.122345143816386	1
437	-2.245543315186865	-2.542379881436222	2.0779149726421453	-3.2509836846906874	0
438	-2.5089063469869664	-3.718962542450229	3.4395091324611977	1.4526944164519886	1
439	-3.5324893276159037	-3.089764261143905	-2.4822935527904475	1.8038888241672693	0
440	-1.0186450497906419	-1.7690377526377818	-4.0286396339302195	3.262471084024127	0
441	4.078292292800815	1.321169212401906	1.0961947763037347	-3.1975091019304696	1
442	-4.883908831481644	-0.9383982683906793	1.8575560180297757	1.5821224977208015	1
443	-4.553588138809756	-4.254773502030968	-2.242284879009201	3.1998466716459073	0
444	-2.834770234755744	-3.0065671070363895	-2.585310958887411	4.817066086277924	0
445	-2.8334257585812788	-2.858433879440311	-3.376080590308362	1.874362485447158	0
446	3.292547234101505	3.486572509347945	-4.04999986616619	-3.733345848177096	1
447	2.6324836684311173	2.992190891231191	-1.8056858961605515	-2.866545545807905	1
448	-3.356341689104787	-0.9610614231745589	3.4662930596808117	5.4769508495908905	0
449	-3.525782812141215	-3.928324947467181	2.0720345477112883	-2.9558130735819996	0
450	-4.119124489642298	-3.7660067433634374	-3.0137515549353973	2.763480938408327	0
451	2.4935502631479904	3.1551941056984325	-3.5327360997211126	-2.7664643808698153	1
452	-3.0887131341308045	-2.596944324280964	-1.9828636093132117	2.333363526043498	0
453	-1.4579538977705915	-1.737745433206758	-3.4872322293024047	2.510283254759998	0
454	-1.919007561424466	-2.9720400365807835	1.6734553475999507	-2.9805321791796517	0
455	-2.2829201380111543	-2.548010339185405	3.1972803400563965	2.438094600541573	1
456	2.5100916927298016	3.5882251961572704	-2.216349611815353	-1.6898817805378754	1
457	3.1830468094907394	4.758913461870027	-4.390969768039099	-4.260171560327901	1
458	-4.0260234984540455	-3.7901675658919274	2.344153140320036	0.8860946867829957	1
459	-3.476834254312368	-3.6154610212162313	4.079413718393858	-2.340143698852949	0
460	3.0888017284313225	2.243816009026926	-0.25297390793210095	-2.3154345551557842	1
461	-1.6261213854773673	-1.3649459624237652	-2.9649387447640225	2.57154265965585	0
462	-2.6901705959664057	-3.1063063245172278	3.1893401884776433	2.6710002317385144	1
463	2.542851398103984	1.0719000485644552	-0.41889514347077306	-2.6401544875624983	1
464	-3.211326190964774	-4.644808981327832	4.0850551764974465	1.3811282650190722	1
465	2.1781718734071727	4.653618645808718	-3.1368368417411565	-2.6421993606458707	1
466	-2.9327107267651202	-3.542613567722563	3.1530798558557023	-2.92027051475446	0
467	-5.401097758071698	-4.892691335430833	-2.1774964166531747	3.9629427114274782	0
468	-3.9258961397174503	-2.8339331569371717	2.0475842216481555	1.2841802913552451	1
469	-2.468967798696147	-3.1747446268862567	2.667932917506058	3.013496213845736	1
470	-1.1703944110111344	-1.4530611407141985	-3.3524857446554734	3.484818992362448	0
471	-2.133497847789996	-2.4509504438823164	1.4038384974457316	-3.8392109601001803	0
472	-1.6331058117749453	-5.315050177452823	3.9118266612993304	-0.9101885144137865	0
473	-4.875519213615114	-3.379016523396378	4.121083862573458	-2.9966840901892087	0
474	-3.5634275812167404	-2.5422302987408325	2.731812678739255	2.3392850897642705	1
475	-3.7947335054427915	-4.355629857004382	2.6129319211399347	1.5126488684542845	1
476	3.5758367222287926	2.557056909646086	-2.137046575053926	-2.602469101729977	1
477	-2.7905358392962234	-4.357799592785349	3.5570161806709697	-1.9314858229107266	0
478	3.8890447329317945	2.1493193285168233	-3.998536139075439	-3.657276514873572	1
479	-2.5193623073965976	-3.951143702221967	2.8954940992099933	2.894799874983214	1
480	-2.8962533563265773	-3.69812424687326	3.181661382581716	-2.7086222759064715	0
481	-2.301079252397229	-2.7622708983600255	4.66531155780292	-2.0490959481987105	0
482	-2.157307758811983	-2.020271463422171	1.9530431481610617	-3.622055108554314	0
483	-3.2011207944570153	-2.0657033229300943	2.6212868452720723	3.674242874532656	1
484	-1.5893010543092467	-1.7676905117829462	-3.995414582575896	0.6285775435619301	0
485	1.3720692915438835	4.398624391405454	-5.851320200415649	-2.5458660024853783	1
486	2.2493569516773	3.9404443499083284	-2.3762512270023315	-2.7168973933958602	1
487	-1.622488716838911	-2.6247959720732066	3.1233134092504278	3.197997545740963	1
488	-3.0590500720516687	-3.270903490723659	-3.7070822423660634	2.1451167122135457	0
489	2.6642658378790456	2.73852830999059	-2.776324735485124	-3.6832827014417653	1
490	-2.358029948174428	-2.3113832660338964	-3.311763092557145	2.5066434127550115	0
491	-3.2231311592113547	-3.3688474265724455	3.3309570783100746	-2.945467325237691	0
492	-3.048410350673987	-2.3959526440397316	2.2546324545202028	4.261509025237906	1
493	-3.0830107609247683	-4.146556684249656	3.344807858525013	1.0321925139658006	1
494	2.991320321350447	3.809332330967358	-2.093818215601933	-3.739930838417135	0
495	-0.5960652869699539	-3.4512185267112008	2.460166305901527	-1.8952394565480402	0
496	-2.3280905674176617	-2.574256797066467	2.688082514476294	3.0746110139571567	1
497	-4.243024467371831	-1.6249644829215935	1.6381523854046849	2.4530773432459974	1
498	-5.497934342960332	-1.86029181944764	1.718038180732605	3.564701755750086	1
499	4.329065128061127	2.3184391533628594	-0.454287574639773	-3.25195015650691	1
